11899 14602
13088 14834
5060 18
23465 1375
5505 39
31178 3694
15747 15
2458 8
8667 10
4508 12
2021 9
370 5
10521 12
338 5
8668 11
425 5
492 5
5870 11
488 5
1639 7
933 6
840 6
2965 9
181 3
455 5
1714 9
1033 6
2399 7
10053 14
3920 8
486 6
435 5
8884 147
2639 9
893 6
3964 13
2322 9
162 4
7783 425
4494 9
1044 5
1945 38
6807 12
491 5
613 6
5505 10
599 5
633 5
943 6
500 6
2919 10
476 6
606 6
660 6
338 5
901 6
907 6
6777 16
203 4
1840 9
4511 13
591 5
3373 11
5190 12
412 5
225 4
1529 7
4625 10
10657 20
4252 10
1547 7
255 4
900 6
1641 7
153 3
1494 7
212 3
1086 26
1065 6
504 5
7873 37
3581 12
1434 6
7330 14
2096 8
219 3
4658 10
2743 8
1054 8
682 6
656 6
282 4
4401 31
1759 7
2337 7
967 6
541 6
7030 13
547 6
1229 7
3165 9
249 4
2124 7
299 4
1169 6
2568 7
1891 7
714 6
10777 29
669 6
541 6
4416 9
5041 11
437 5
2298 8
2594 9
3862 9
319 4
608 6
4851 10
951 6
4313 12
778 6
198 4
2508 8
331 5
411 5
3952 10
456 5
2573 8
776 5
3937 25
386 6
3886 9
4879 16
1507 7
234 3
971 6
406 5
2060 7
2657 9
879 6
377 5
375 5
339 5
1368 6
2207 7
524 6
243 3
1826 7
699 5
1665 8
1833 7
152 3
302 4
1343 7
207 3
1237 7
165 3
676 6
4849 18
1570 7
667 6
296 4
6880 11
1189 7
288 4
1154 6
1327 6
937 7
538 5
1916 7
3375 11
1518 6
986 7
489 5
530 6
1192 6
317 4
345 5
241 4
195 3
1557 7
1927 9
712 5
767 6
1059 7
1748 9
1117 7
724 6
260 4
477 5
482 5
603 6
198 3
1650 9
538 6
2154 7
353 5
786 6
260 4
759 5
3331 8
216 3
1308 6
820 6
503 5
327 5
181 3
476 6
1503 7
1069 6
289 5
710 5
1243 6
492 5
590 5
901 6
1106 6
398 5
324 4
228 3
1078 7
283 4
1340 7
150 3
487 5
817 6
808 6
838 6
145 3
551 6
1951 7
669 5
162 3
2226 7
619 6
324 5
194 3
180 3
511 5
621 5
157 3
301 4
248 4
364 5
229 3
1409 7
230 4
189 4
1527 7
880 6
315 4
221 3
890 6
805 6
1648 8
954 6
261 4
545 6
2986 9
212 3
599 6
306 5
2197 7
505 6
172 3
1128 7
561 6
362 5
180 3
493 5
562 6
319 5
1087 7
430 5
597 5
645 5
880 6
1040 7
342 5
1729 83
190 3
512 5
556 5
199 3
219 4
439 5
775 6
286 4
233 4
285 4
287 3
499 5
558 5
165 3
2155 7
738 5
178 3
190 3
178 3
276 4
367 5
962 6
527 5
2959 9
161 3
241 3
1003 5
325 6
504 6
994 6
519 6
178 3
203 3
379 5
614 6
350 5
300 4
222 3
253 4
485 6
405 5
467 5
241 3
432 6
564 5
169 3
1106 6
685 5
503 5
496 5
711 6
599 6
144 3
409 5
322 4
930 6
179 3
540 5
340 5
1702 7
2255 7
1085 6
190 3
418 5
1026 7
556 5
253 3
299 5
571 6
355 5
576 6
281 4
177 3
794 5
1496 62
6808 25
216 3
297 5
351 5
248 4
936 6
551 5
815 6
189 3
186 3
579 5
278 4
639 6
374 5
233 3
265 4
773 6
623 6
317 6
206 3
1052 6
1145 6
251 3
6559 13
1091 6
346 5
254 4
256 3
158 3
265 4
153 4
479 5
338 5
213 4
245 3
383 5
188 3
412 5
168 3
171 3
207 3
333 29
484 5
461 5
223 3
1216 6
912 6
165 3
305 4
176 3
256 4
347 5
220 3
276 4
414 5
168 3
339 4
186 3
295 4
254 4
476 5
693 5
324 5
486 5
365 5
168 3
259 4
199 3
182 3
628 6
529 5
298 4
492 5
620 5
176 3
243 3
239 3
301 5
525 6
540 6
137 3
333 5
183 4
251 4
161 3
170 3
309 4
278 4
421 5
1170 6
317 5
542 6
296 4
227 3
823 6
219 3
281 3
227 3
205 3
179 3
514 5
187 3
159 3
349 5
336 5
201 3
711 6
173 3
216 3
254 4
352 5
423 5
200 3
438 6
1470 7
1267 6
176 3
165 3
299 3
492 5
487 5
160 3
262 3
170 3
277 4
224 3
153 3
176 3
348 6
416 5
282 4
146 3
545 6
181 3
282 4
538 5
193 4
206 3
191 3
195 3
117 3
223 3
172 3
537 5
187 3
466 5
192 3
746 6
364 5
684 6
161 3
169 3
289 4
314 4
160 3
320 4
285 4
321 4
269 4
266 4
217 3
146 3
702 5
194 3
198 5
198 3
2360 7
329 5
235 4
354 5
730 5
141 3
183 3
1074 6
208 3
384 5
2342 8
330 4
947 6
152 3
261 4
